68.43
61.29
66.94
50.38
52.43
77.42
74.16
56.81
77.75
46.71
64.69
69.13
63.24
62.64
66.33
41.79
52.44
51.84
54.28
48.72
82.28
49.81
48.3
69.27
52.19
45.83
69.99
75.86
47.71
64.19
79.64
61.45
59.03
45.93
42.87
66.63
87.12
62.66
52.13
74.69
62.23
52.33
71.61
67.9
74.68
77.96
57.43
50.34
61.57
54.61
69.58
48.24
77.74
69.78
48.86
49.14
48.7
53.04
50.84
55.65
71.52
39.53
70.67
48.18
65.5
57.62
66.37
51.29
58.51
76.17
56.79
55.15
72.12
70.53
62.43
88.56
45.32
75.98
38.49
59.09
82.46
82.54
96.15
68.16
48.04
64.99
72.93
65.78
57.22
81.18
72.23
76.92
71.15
76.49
72.63
55.59
46.71
67.53
67.15
70.02
55.23
99.1
68.39
52.08
38.69
56.42
84
84.68
81.94
68.1
47.42
54.08
49.08
83.44
81.05
71.77
66.4
65.78
55.86
61.2
66.56
77.66
75.3
87.33
63.15
71.75
42.47
94.68
49.36
54.49
61.55
52.19
67.73
75.84
77.92
66.9
79.14
80.32
54.53
71.06
68.22
57.58
72.2
38.93
35.34
64.41
74.53
57.4
74.77
43.36
57.68
47.7
64.37
52.8
72.46
61.19
37.78
60.27
73.48
63.56
53.95
43.38
72.67
71.91
79.24
57.23
66.6
65.53
65.07
60.39
53.14
39.75
59.32
67.88
57.82
63.35
54.59
47.74
61.89
79.07
43.53
64.33
44.54
55.41
64.77
52.2
63.44
42.78
44.46
56.91
51.61
72.99
52.1
66
77.46
66.89
54.3
83.85
77.1
57
77.35
56.05
63.45
64.09
49.31
58.1
57.08
74.1
50.52
60.67
47.06
70.78
74.2
70.35
66
61.63
57.47
54.25
61.23
62.98
65.85
55.49
45.72
57.38
76.59
90.23
65.34
66.45
70.32
78.2
75.53
64.15
51.31
62.06
65.7
64.06
50.43
75.95
56.13
53.62
82.62
57.82
64.22
58.96
57.73
57.54
58.05
50.15
40.49
72.19
40.75
68.72
63.69
59.54
90.95
62.28
56.03
76.2
71.81
54.73
78.35
55.44
69.1
62.39
56.95
63.02
41.46
63.08
64.51
85.68
55.18
58.02
76.41
64.11
61.12
64.02
43.53
64.76
46.98
71.17
74.01
44.84
55.46
58.51
72.75
83.15
69.08
62.88
70.34
63.32
72.98
74.09
80.48
78.19
76.12
52.5
47.11
77.52
49.83
50.35
69.41
64.25
60.27
68.32
64.55
